# type	x	y	w	h	ani_set_id	extra_settings per object type

# brick question
6	528	1056	48	48	2	6	6	3	2	3	1
6	576	1056	48	48	2	6	6	3	3	3	1

6	672	912	48	48	2	5	5	3	3	3	1
6	720	912	48	48	2	5	5	4	3	3	2

6	1248	960	48	48	2	5	5	6	6	3	1

6	1968	1152	48	48	2	6	6	10	10	3	2


6	2112	1056	48	48	2	6	6	11	11	3	1
6	4416	1104	48	48	2	6	6	23	23	3	2

# goomba											
											
2	672	1152	48	48	5	6	6	3	3	2	100

2	1584	1195	48	48	5	6	7	8	8	2	100

2	2497	1147	48	48	5	6	6	13	13	2	100
2	2640	1147	48	48	5	6	6	14	14	2	100
2	2832	1140	60	57	6	6	6	15	15	2	105

# koopa											
3	1728	1051	48	78	7	6	6	9	9	2	100

3	3978	864	48	78	8	4	5	21	21	2	102
3	4092	864	48	78	8	4	5	22	21	2	102
3	4206	864	48	78	8	4	5	22	22	2	102

3	4416	1152	48	78	8	6	7	23	23	2	100

#3	6318	1056	48	78	7					2	100
3	6288	1056	48	78	7	6	6	34	33	2	100


# obj thử nghiệm											
#3	550	1000	48	78	7					2	100
#2	400	1000	60	57	6					2	105

# fire flower											
11	1080	1106	48	96	13	6	6	6	5	2	1
11	5592	1106	48	72	13	6	6	30	30	2	2
14	5400	1154	48	72	19	6	7	29	28	2

# static coin											
12	3216	955	14	16	14	5	5	17	17	3
12	3312	859	14	16	14	4	5	17	17	3
12	3408	763	14	16	14	4	4	18	18	3
12	3504	667	14	16	14	3	3	18	18	3
12	3600	571	14	16	14	3	3	19	19	3
	
# static coin in the airrrr							

12	3984	240	14	16	14	1	1	21	21	3
12	4032	240	14	16	14	1	1	21	21	3
12	4080	240	14	16	14	1	1	21	21	3
	
12	4368	336	14	16	14	1	2	23	23	3
12	4416	336	14	16	14	1	2	23	23	3
	
12	4560	384	14	16	14	2	2	24	24	3
12	4608	384	14	16	14	2	2	24	24	3
12	4656	384	14	16	14	2	2	25	24	3
12	4704	384	14	16	14	2	2	25	25	3

	
12	4800	336	14	16	14	1	2	25	25	3
12	4848	336	14	16	14	1	2	26	26	3
12	4896	336	14	16	14	1	2	26	26	3
12	4944	336	14	16	14	1	2	26	26	3

	
12	5010	432	14	16	14	2	2	26	26	3
	
12	5106	336	14	16	14	1	2	27	27	3
	
12	5202	384	14	16	14	2	2	28	27	3
	
12	5346	288	14	16	14	1	1	28	28	3

12	5442	384	14	16	14	2	2	29	29	3

# static coin underground								
	
12	6606	1512	14	16	14	8	8	35	35	3
12	6606	1704	14	16	14	9	9	35	35	3
	
12	6654	1464	14	16	14	8	8	35	35	3
12	6654	1608	14	16	14	9	9	35	35	3
12	6654	1752	14	16	14	10	10	35	35	3
	
12	6702	1464	14	16	14	8	8	36	35	3
12	6702	1608	14	16	14	9	9	36	35	3
12	6702	1752	14	16	14	10	10	36	35	3
	
12	6750	1512	14	16	14	8	8	36	36	3
12	6750	1560	14	16	14	9	9	36	36	3
12	6750	1656	14	16	14	9	9	36	36	3
12	6750	1704	14	16	14	9	9	36	36	3
	
# bling bling brick											
# loai	x	y	w	h	animation_set					type_object	
1	5856	1200	48	48	3	6	7	31	31	3	0
1	5904	1200	48	48	3	6	7	31	31	3	0
1	5952	1200	48	48	3	6	7	32	31	3	0
1	6000	1200	48	48	3	6	7	32	32	3	0
1	6048	1200	48	48	3	6	7	32	32	3	0
1	6096	1200	48	48	3	6	7	32	32	3	0
1	6144	1200	48	48	3	6	7	33	32	3	0

1	5904	1152	48	48	3	6	6	31	31	3	0
1	5952	1152	48	48	3	6	6	32	31	3	0
1	6000	1152	48	48	3	6	6	32	32	3	0
1	6048	1152	48	48	3	6	6	32	32	3	0
1	6096	1152	48	48	3	6	6	32	32	3	0

1	5952	1104	48	48	3	6	6	32	31	3	0
1	6000	1104	48	48	3	6	6	32	32	3	0
1	6048	1104	48	48	3	6	6	32	32	3	0
1	6096	1104	48	48	3	6	6	32	32	3	1

1	6288	1200	48	48	3	6	7	34	33	3	0
1	6336	1200	48	48	3	6	7	34	34	3	0

1	6288	1152	48	48	3	6	6	34	33	3	0

1	4320	384	48	48	3	2	2	23	23	3	2

# RANDOM BONUS											
17	8064	1008	48	48	22	5	6	43	43	3