# type	x	y	w	h	ani_set_id					extra_settings per object type	
											
# bling bling brick											
# loai	x	y	w	h	animation_set	
1	672	1056	48	48	3	6	6	3	3	3	0
1	720	1056	48	48	3	6	6	4	3	3	0
1	768	1056	48	48	3	6	6	4	4	3	0
1	816	1056	48	48	3	6	6	4	4	3	0


1	1152	1008	48	48	3	5	6	6	6	3	0
1	1200	1008	48	48	3	5	6	6	6	3	0
1	1248	1008	48	48	3	5	6	6	6	3	0
1	1296	1008	48	48	3	5	6	7	6	3	0
1	1344	1008	48	48	3	5	6	7	7	3	0


1	1824	864	48	48	3	4	5	10	9	3	0
1	1872	864	48	48	3	4	5	10	10	3	0
1	1920	864	48	48	3	4	5	10	10	3	2
1	1968	864	48	48	3	4	5	10	10	3	0

1	1920	1104	48	48	3	6	6	10	10	3	0
1	1968	1104	48	48	3	6	6	10	10	3	0

1	2256	960	48	48	3	5	5	12	12	3	0

1	2256	1056	48	48	3	6	6	12	12	3	0

1	2256	1104	48	48	3	6	6	12	12	3	0
1	2304	1104	48	48	3	6	6	12	12	3	0
1	2352	1104	48	48	3	6	6	12	12	3	0
1	2400	1104	48	48	3	6	6	13	12	3	0

1	2592	1008	48	48	3	5	6	14	13	3	0
1	2592	1056	48	48	3	6	6	14	13	3	0
1	2592	1104	48	48	3	6	6	14	13	3	0

1	2592	1152	48	48	3	6	6	14	13	3	0
1	2640	1152	48	48	3	6	6	14	14	3	0
1	2688	1152	48	48	3	6	6	14	14	3	0

1	2832	1008	48	48	3	5	6	15	15	3	0


1	2832	1056	48	48	3	6	6	15	15	3	0
1	2880	1056	48	48	3	6	6	15	15	3	3


1	2880	1200	48	48	3	6	7	15	15	3	0
1	2928	1200	48	48	3	6	7	15	15	3	0
1	2976	1200	48	48	3	6	7	16	15	3	0
1	3024	1200	48	48	3	6	7	16	16	3	0


1	3024	1056	48	48	3	6	6	16	16	3	4
1	3072	1056	48	48	3	6	6	16	16	3	0
1	3120	1056	48	48	3	6	6	17	16	3	0
1	3168	1056	48	48	3	6	6	17	17	3	0
1	3216	1056	48	48	3	6	6	17	17	3	0

1	3696	864	48	48	3	4	5	20	19	3	2


1	3552	912	48	48	3	5	5	19	19	3	0
1	3600	912	48	48	3	5	5	19	19	3	0
1	3648	912	48	48	3	5	5	19	19	3	0
1	3696	912	48	48	3	5	5	20	19	3	0


1	3456	1152	48	48	3	6	6	18	18	3	0
1	3504	1152	48	48	3	6	6	19	18	3	0
1	3552	1152	48	48	3	6	6	19	19	3	0
1	3600	1152	48	48	3	6	6	19	19	3	0
1	3648	1152	48	48	3	6	6	19	19	3	0


1	3792	1104	48	48	3	6	6	20	20	3	0
1	3840	1104	48	48	3	6	6	20	20	3	0

1	4176	912	48	48	3	5	5	22	22	3	0
1	4224	912	48	48	3	5	5	22	22	3	0
1	4272	912	48	48	3	5	5	23	22	3	0

1	4608	864	48	48	3	4	5	24	24	3	4

1	4608	912	48	48	3	5	5	24	24	3	0


1	4608	1104	48	48	3	6	6	24	24	3	0

1	4608	1152	48	48	3	6	6	24	24	3	0

1	4608	1200	48	48	3	6	7	24	24	3	0
1	4656	1200	48	48	3	6	7	25	24	3	0
1	4704	1200	48	48	3	6	7	25	25	3	0
1	4752	1200	48	48	3	6	7	25	25	3	0


1	5184	864	48	48	3	4	5	28	27	3	0
1	5184	912	48	48	3	5	5	28	27	3	0
1	5184	960	48	48	3	5	5	28	27	3	0


1	5328	1104	48	48	3	6	6	28	28	3	0
1	5376	1104	48	48	3	6	6	29	28	3	0
1	5424	1104	48	48	3	6	6	29	29	3	0


# static coin											
12	1008	912	14	16	14	5	5	5	5	3
12	1056	912	14	16	14	5	5	5	5	3
12	1104	912	14	16	14	5	5	6	5	3	

12	1248	816	14	16	14	4	4	6	6	3
12	1296	816	14	16	14	4	4	7	6	3
12	1344	816	14	16	14	4	4	7	7	3

12	2296	912	14	16	14	5	5	12	12	3
12	2344	912	14	16	14	5	5	12	12	3
12	2392	912	14	16	14	5	5	12	12	3

	
12	2536	816	14	16	14	4	4	13	13	3
12	2584	816	14	16	14	4	4	13	13	3
12	2632	816	14	16	14	4	4	14	14	3

	
12	3976	864	14	16	14	4	5	21	21	3
12	4024	864	14	16	14	4	5	21	21	3
12	4072	864	14	16	14	4	5	21	21	3

	
12	4504	816	14	16	14	4	4	24	24	3
12	4504	864	14	16	14	4	5	24	24	3
12	4504	912	14	16	14	5	5	24	24	3
12	4504	960	14	16	14	5	5	24	24	3
12	4504	1008	14	16	14	5	5	24	24	3
12	4504	1056	14	16	14	6	6	24	24	3
12	4504	1104	14	16	14	6	6	24	24	3
12	4504	1152	14	16	14	6	6	24	24	3

	
12	5664	912	14	16	14	5	5	30	30	3
12	5712	912	14	16	14	5	5	30	30	3
12	5760	912	14	16	14	5	5	31	30	3

	
#moving platform											
18	1104	960	144	48	28	5	5	6	5	3
18	1776	912	144	48	28	5	5	10	9	3
18	1680	1056	144	48	28	6	6	9	9	3
18	1872	1200	144	48	28	6	7	10	10	3
18	2256	1008	144	48	28	5	6	12	12	3
18	3264	1152	144	48	28	6	6	18	17	3
18	3600	960	144	48	28	5	5	20	19	3
18	4224	1008	144	48	28	5	6	23	22	3
18	4128	1056	144	48	28	6	6	22	22	3

18	4648	912	144	48	28	5	5	25	24	3
18	5328	1008	144	48	28	5	6	29	28	3
18	5232	1152	144	48	28	6	6	28	28	3
#8	5376	1248	144	48	28					3
	
# RANDOM BONUS											
17	7368	984	48	48	22	5	5	39	39	3

	
# koopa											
3	5910	1000	48	78	7	5	6	31	31	2	100
3	5616	912	48	78	7	5	5	30	30	2	108
	
# boomerang bro											
19	6240	1000	48	72	29	5	6	33	33	2
#19	500	1000	48	72	29					2



	