# id	file_path	transparent_color_r	g	b
[TEXTURES]
0	textures\mario.png	255	255	255
10	textures\misc.png	255	255	255
20	textures\brick_transparent.png	255	0	255
30	textures\mario(2).png	255	255	255
40	textures\fire_ball.png	0	0	0
50	textures\enemy.png	255	255	255

# id	left	top	width	height	texture_id
[SPRITES]
# BIG MARIO 
# idle right
10001	197	48	14	27	30
# walk
10002	214	48	16	27	30
10003	233	49	16	26	30
# jump
10004	271	49	16	26	30
# crouch - Núp
10005	379	57	14	18	30
# run
10006	290	48	19	27	30
10007	312	48	19	27	30
10008	335	49	19	26	30
#skid
10009	252	47	16	28	30
#fly
10010	357	49	19	26	30
#hold
10011	434	48	14	27	30
10012	451	48	15	27	30
10013	469	49	16	26	30
10014	415	48	16	27	30
#kick
10015	488	48	21	27	30


###################################################


# SMALL MARIO
# idle small right
10021	254	9	12	15	30
# walk
10022	254	9	12	15	30
10023	269	8	15	16	30
# jump
10024	304	8	16	16	30
# run
10025	323	8	16	16	30
10026	341	8	16	16	30
#skid 
10027	287	8	14	16	30
#fly
10028	360	8	16	16	30
#hold
10029	435	8	14	16	30
10030	452	8	15	16	30
10031	397	8	16	16	30
#kick
10032	470	8	16	16	30

###################################################


# RACCOON MARIO
# idle right
10054	80	142	21	28	30
# walk
10055	104	142	22	28	30
10056	129	143	23	27	30
# jump
10057	257	143	23	27	30
# crouch
10058	522	152	22	18	30
# run
10059	360	142	24	28	30
10060	387	142	24	28	30
10061	414	143	24	27	30
# spin
10062	174	142	16	28	30
10063	193	142	23	28	30
10064	219	142	16	28	30
10066	78	107	23	28	30
# skid
10065	155	140	16	30	30
# falling
10066	283	143	23	27	30
10067	309	143	23	27	30
10068	335	142	22	28	30
# FLY
10069	441	143	24	27	30
10070	468	143	24	27	30
10071	495	142	24	28	30
# hold
10072	566	142	21	28	30
10073	590	142	22	28	30
10074	615	143	23	27	30
#ilde của raccoon là lấy cái spin á 10062

#kick
10075	641	142	22	28	30


###################################################


# FIRE MARIO
# IDLE
10090	206	109	14	27	30
# WALK
10091	223	109	16	27	30
10092	242	110	16	26	30
# SKID
10093	261	108	16	28	30
# RUN
10096	333	109	19	27	30
10097	355	109	19	27	30
10098	378	110	19	26	30
# JUMP
10099	314	110	16	26	30
# HIGH JUMP
10100	400	110	19	26	30
# CROUCH
10101	422	118	14	18	30
# THROW
10102	280	109	14	27	30
10103	297	109	14	27	30
#fly
10104	400	110	19	26	30
#fly and throw
10105	555	109	19	27	30
10106	621	109	18	27	30
#hold
10107	477	109	14	27	30
10108	494	109	15	27	30
10109	512	110	16	26	30
10110	458	109	16	27	30
#kick
10111	531	109	21	27	30

# die 
10200	215	120	16	15	0


###################################################


#QUESTION BRICK	
40001	157	188	16	16	10
40002	176	188	16	16	10
40003	196	188	16	16	10
40004	215	188	16	16	10

#TRANSPARENT BIRCK
40005	0	0	16	16	20

#FIRE BALL
40006	0	1	8	8	40
40007	11	0	8	9	40
40008	22	1	8	8	40
40009	33	0	8	9	40


###################################################



#GOOMBA
# walking
40010	9	11	16	16	50	
40011	32	11	16	16	50

#die
40012	54	18	16	9	50

# RED KOOPA
# walking
40013	28	67	16	26	50
40014	47	66	16	27	50

# die
40015	29	97	16	16	50
40016	50	96	16	16	50
40017	71	96	16	16	50

#walking swings
40018	105	93	16	27	50
40019	126	94	16	26	50
40020	147	93	16	27	50

# GREEN KOOPA
# walking
40021	31	119	16	26	50
40022	50	118	16	27	50

# die
40023	32	149	16	16	50
40024	53	148	16	16	50
40025	74	148	16	16	50

# walking swings
40026	105	129	16	27	50
40027	126	130	16	26	50
40028	147	129	16	27	50

# RED GOOMBA
# walking
40029	104	70	16	16	50
40030	125	70	16	16	50

# die
40031	145	77	16	9	50

# walking swings
40032	66	35	20	24	50
40033	90	35	20	24	50
40034	116	40	20	19	50
40035	140	40	20	19	50

# ani_id	sprite1_id	time1	sprite2_id	time2	...
[ANIMATIONS]
# ==== MARIO =========
#idle NORMAL BIG right
400	10001	100
#idle small right
401	10021	100
#idle RACCOON right
402	10054	100
# iDLE FIRE MARIO
403	10090	100

#walk right NORMAL big
500	10001	100	10002	100	10003	100
#walk right small
501	10021	100	10022	100	10023	100
#walk right RACCOON big
502	10054	100	10055	100	10056	100
#walk right FIRE 
503	10090	100	10091	100	10092	100

#die
599	10200	100

#jump right NORMAL big
600	10004	100
#jump right small
601	10024	100
#jump right RACCOON big
602	10057	100
#jump right FIRE
603	10099	100


#crouch NORMAL big
620	10005	100
#crouch RACCOON big
621	10058	100
#crouch FIRE
622	10101	100


#falling SMALL
800	10023	100
#falling NORMAL big
801	10003	100
#falling RACCOON
802	10066	50	10067	50	10068	50
#falling FIRE
803	10092	100


#running SMALL
820	10025	100	10026	100
#running NORMAL big
821	10006	50	10007	50	10008	50
#running RACCOON
822	10059	100	10060	100	10061	100
#running FIRE
823	10096	100	10097	100	10098	100


#spinning RACCOON
806	10066	50	10062	50	10063	50	10064	50	10066	50
#806	10066	2000	10062	2000	10063	2000	10064	2000	10066	2000


#skid NORMAL
807	10009	100
#skid RACCOON
808	10065	100
#skid SMALL
809	10027	100
#skid SMALL
810	10093	100

#throw FIRE mario
811	10090	100	10102	100	10103	100

#fly small
812	10028	100
#fly big
813	10010	100
#fly raccoon
814	10069	100	10070	100	10071	100
#fly fire 
815	10104	100
#fly throw FIRE
816	10100	100	10106	100	10105	100

# hold SMALL
817	10029	100	10030	100
# hold BIG
818	10011	100	10012	100	10013	100
# hold RACCOON
819	10072	100	10073	100	10074	100
# hold FIRE
820	10107	100	10108	100	10109	100

#kick SMALL
821	10032	300
#kick BIG
822	10015	300
#kick RACCOON
823	10075	300
#kick FIRE
824	10111	300


# ==== QUESTION BRICK =========
702	40001	200	40002	200	40002	200	40003	200	40004	200

# ==== TRANSPARENT BRICK ==========
703	40005	100

# ==== FIRE BALL =========
704	40006	100	40007	100	40008	100	40009	100

# ==== GOOMBA ========
# walking
705	40010	100	40011	100
# die
706	40012	100
# die by weapon
707	40010	100

# ==== RED KOOPA ========
#walking
708	40013	100	40014	100
# die
709	40015	100
# spin
710	40015	100	40016	100	40017	100
# walking with swings
711	40018	100	40019	100	40020	100

# ==== GREEN KOOPA =====
# walking
712	40021	100	40022	100
# die
713	40023	100
# spin
714	40023	100	40024	100	40025	100
# walking with swings
715	40026	100	40027	100	40028	100

# ==== RED GOOMBA =====
# walking
716	40029	100	40030	100
# die
717	40031	100
# die by weapon
718	40029	100
# walking with swings
719	40032	100	40033	100	40034	100	40035	100

#
# id	ani1	ani2	ani3
#
[ANIMATION_SETS]
# MARIO
1	400	401	402	500	501	502	600	601	602	620	621	599	800	801	802	820	821	822	806	807	808	809	403	503	603	622	803	823	810	811	812	813	814	815	816	817	818	819	820	821	822	823	824

# QUESTION BRICK 
2	702
# TRANSPARENT BRICK
3	703
# FIRE BALL
4	704
# TAN GOOMBA
5	705	706	707
# RED GOOMBA
6	716	717	718	719
# RED KOOPA
7	708	709	710	711
# GREEN KOOPA
8	712	713	714	715
	